WHITE
255 255 255 #white
248 248 248
188 188 188 #mid gray
124 124 124
120 120 120 #dark gray
0 0 0 #black
255 0 0
0 255 0
0 0 255
255 255 0

RED
129 19 6 #red
159 15 10
235 55 21
217 91 29 #orange
237 119 91
216 5 90 #magenta
237 90 153
240 165 192
243 185 247
245 217 248 #pig pink

GREEN
25 87 3 #dark green
31 103 4 
38 119 6
56 167 12
62 183 15 #green
57 167 69
110 214 87
119 247 153
192 247 185
192 247 216

BLUE
21 24 187 #dark blue
31 36 250 #blue
42 94 246
50 124 246
91 189 251
174 228 251 #light blue
94 252 251 #aqua
85 232 215
47 136 135
19 64 87 #dark aqua

PURPLE
69 48 187 #dark indigo
105 77 250 #indigo
151 124 247
112 139 250
185 185 247
141 13 132 #violet
206 27 203
239 124 247
243 185 247
214 185 247

ORANGE
77 48 3 #brown
167 123 16
217 91 29
241 182 28 #orange
243 159 73
244 215 123
248 223 169
236 207 177 #skin
219 246 123
191 246 40 #lime